1	11109318	11109318	DEL	1
1	11109320	11109320	DEL	2
1	11124516	11124517	DEL	3
1	11157172	11157174	DEL	4
1	26282382	26282382	DEL	5
1	26761012	26761012	DEL	6
1	26773716	26773716	DEL	7
1	26779863	26779863	DEL	8
1	53227076	53227076	DEL	9
1	54405992	54405992	DEL	10
1	79005209	79005211	DEL	11
1	114674758	114674758	DEL	12
1	114674760	114674760	DEL	13
1	114713906	114713909	DEL	14
1	114716123	114716124	DEL	15
1	114716126	114716127	DEL	16
1	147669963	147669963	DEL	17
1	152776451	152776452	DEL	18
1	152827555	152827555	DEL	19
1	153390239	153390239	DEL	20
1	156927980	156927980	DEL	21
1	158636756	158636756	DEL	22
1	183118078	183118079	DEL	23
1	197421716	197421717	DEL	24
1	203217822	203217822	DEL	25
1	207584870	207584871	DEL	26
1	209705855	209705857	DEL	27
1	226064434	226064434	DEL	28
1	226064454	226064454	DEL	29
1	226379965	226379965	DEL	30
1	245698929	245698930	DEL	31
2	1923161	1923161	DEL	32
2	15942195	15942195	DEL	33
2	25234373	25234374	DEL	34
2	29209798	29209799	DEL	35
2	29220829	29220831	DEL	36
2	39054637	39054637	DEL	37
2	47803500	47803501	DEL	38
2	61492336	61492337	DEL	39
2	70088048	70088048	DEL	40
2	97792575	97792575	DEL	41
2	105267494	105267496	DEL	42
2	137170884	137170885	DEL	43
2	137616283	137616283	DEL	44
2	138005135	138005135	DEL	45
2	138005137	138005137	DEL	46
2	157766004	157766004	DEL	47
2	157770385	157770386	DEL	48
2	177234071	177234073	DEL	49
2	177234075	177234076	DEL	50
2	177234078	177234082	DEL	51
2	177234216	177234217	DEL	52
2	177234225	177234226	DEL	53
2	177234228	177234229	DEL	54
2	177234231	177234232	DEL	55
2	177234239	177234241	DEL	56
2	197400752	197400753	DEL	57
2	197401887	197401887	DEL	58
2	197402109	197402110	DEL	59
2	197402636	197402637	DEL	60
2	197402757	197402757	DEL	61
2	197402759	197402760	DEL	62
2	208248388	208248389	DEL	63
2	218583025	218583026	DEL	64
2	218584682	218584683	DEL	65
2	219235853	219235854	DEL	66
3	10142079	10142080	DEL	67
3	10149785	10149786	DEL	68
3	12604200	12604200	DEL	69
3	25627236	25627236	DEL	70
3	30691477	30691478	DEL	71
3	38141150	38141150	DEL	72
3	41224606	41224607	DEL	73
3	41224609	41224610	DEL	74
3	41224612	41224613	DEL	75
3	41224618	41224619	DEL	76
3	41224621	41224622	DEL	77
3	41224633	41224634	DEL	78
3	41224645	41224647	DEL	79
3	41227275	41227275	DEL	80
3	41233418	41233420	DEL	81
3	47576931	47576933	DEL	82
3	49375465	49375465	DEL	83
3	49375472	49375472	DEL	84
3	49375576	49375577	DEL	85
3	69196386	69196387	DEL	86
3	134537171	134537172	DEL	87
3	138655402	138655403	DEL	88
3	150458497	150458497	DEL	89
3	179198937	179198938	DEL	90
3	179199066	179199066	DEL	91
3	179199088	179199088	DEL	92
3	179199141	179199142	DEL	93
3	179199156	179199158	DEL	94
3	179199690	179199690	DEL	95
3	179203760	179203761	DEL	96
3	179203763	179203765	DEL	97
3	179204575	179204576	DEL	98
3	179210192	179210192	DEL	99
3	179210291	179210291	DEL	100
3	179210293	179210293	DEL	101
3	179218294	179218295	DEL	102
3	179218303	179218308	DEL	103
3	179221146	179221147	DEL	104
3	179234218	179234219	DEL	105
3	179234284	179234287	DEL	106
3	179234289	179234289	DEL	107
3	179234296	179234298	DEL	108
3	185152807	185152807	DEL	109
4	1728651	1728651	DEL	110
4	1728653	1728653	DEL	111
4	1801837	1801837	DEL	112
4	1801841	1801841	DEL	113
4	1804372	1804372	DEL	114
4	41263246	41263246	DEL	115
4	54728055	54728055	DEL	116
4	54728057	54728057	DEL	117
4	105700004	105700005	DEL	118
4	118705648	118705648	DEL	119
4	152323032	152323033	DEL	120
4	152326136	152326137	DEL	121
4	152326214	152326215	DEL	122
4	152328232	152328233	DEL	123
4	152330755	152330755	DEL	124
5	1294048	1294048	DEL	125
5	7831905	7831905	DEL	126
5	35876290	35876291	DEL	127
5	41149414	41149414	DEL	128
5	68293123	68293123	DEL	129
5	68293310	68293310	DEL	130
5	68295269	68295269	DEL	131
5	68295278	68295278	DEL	132
5	68295418	68295418	DEL	133
5	112780895	112780895	DEL	134
5	112792446	112792446	DEL	135
5	112792494	112792494	DEL	136
5	112827194	112827194	DEL	137
5	112828919	112828919	DEL	138
5	112838220	112838221	DEL	139
5	112838399	112838399	DEL	140
5	112838934	112838934	DEL	141
5	112839606	112839606	DEL	142
5	112839726	112839726	DEL	143
5	112839810	112839810	DEL	144
5	112839816	112839816	DEL	145
5	112839879	112839880	DEL	146
5	112839942	112839942	DEL	147
5	132825243	132825243	DEL	148
5	140857664	140857664	DEL	149
6	26031978	26031979	DEL	150
6	26045520	26045520	DEL	151
6	31972346	31972346	DEL	152
6	31972348	31972348	DEL	153
6	43435850	43435851	DEL	154
6	71969029	71969029	DEL	155
6	73077786	73077787	DEL	156
6	83857331	83857331	DEL	157
6	133462351	133462352	DEL	158
6	135463175	135463175	DEL	159
7	6387261	6387262	DEL	160
7	6402343	6402343	DEL	161
7	30755694	30755695	DEL	162
7	51030876	51030876	DEL	163
7	55143386	55143387	DEL	164
7	55154128	55154129	DEL	165
7	55165350	55165350	DEL	166
7	55174014	55174015	DEL	167
7	55191822	55191822	DEL	168
7	55191831	55191831	DEL	169
7	72928438	72928438	DEL	170
7	78256182	78256182	DEL	171
7	105536730	105536731	DEL	172
7	116771990	116771991	DEL	173
7	131556296	131556296	DEL	174
7	137253622	137253622	DEL	175
7	140753332	140753336	DEL	176
7	140753345	140753345	DEL	177
7	140753348	140753349	DEL	178
7	140753354	140753355	DEL	179
7	140753393	140753393	DEL	180
7	140754187	140754187	DEL	181
7	140781602	140781603	DEL	182
7	140781611	140781611	DEL	183
7	148811634	148811636	DEL	184
7	151490963	151490964	DEL	185
8	20214944	20214944	DEL	186
8	20214946	20214946	DEL	187
8	25861060	25861060	DEL	188
8	38414788	38414788	DEL	189
8	38414790	38414790	DEL	190
8	38417331	38417331	DEL	191
8	38417333	38417333	DEL	192
8	64615088	64615088	DEL	193
8	73946732	73946734	DEL	194
8	103415344	103415344	DEL	195
8	103885868	103885868	DEL	196
8	127738434	127738435	DEL	197
8	127738699	127738699	DEL	198
8	143651371	143651371	DEL	199
9	2837296	2837296	DEL	200
9	5073770	5073770	DEL	201
9	16436470	16436471	DEL	202
9	21970970	21970971	DEL	203
9	21971018	21971019	DEL	204
9	21971029	21971030	DEL	205
9	21971097	21971097	DEL	206
9	21971110	21971112	DEL	207
9	21971120	21971121	DEL	208
9	21971185	21971185	DEL	209
9	21971187	21971187	DEL	210
9	21971209	21971210	DEL	211
9	21974678	21974680	DEL	212
9	37919973	37919973	DEL	213
9	76233501	76233502	DEL	214
9	119167231	119167231	DEL	215
9	125149801	125149801	DEL	216
9	128190439	128190439	DEL	217
9	128276245	128276245	DEL	218
9	133206408	133206408	DEL	219
9	134436505	134436505	DEL	220
10	62262784	62262785	DEL	221
10	87933147	87933148	DEL	222
10	87933165	87933167	DEL	223
10	87957915	87957916	DEL	224
10	95038983	95038984	DEL	225
10	116476771	116476771	DEL	226
10	121498520	121498520	DEL	227
10	121498522	121498522	DEL	228
10	121515259	121515260	DEL	229
10	121520162	121520163	DEL	230
11	533873	533875	DEL	231
11	534285	534286	DEL	232
11	534288	534289	DEL	233
11	14294843	14294844	DEL	234
11	45252585	45252585	DEL	235
11	64265023	64265023	DEL	236
11	68449047	68449047	DEL	237
11	68449049	68449049	DEL	238
11	69641443	69641445	DEL	239
11	69651253	69651254	DEL	240
11	108247071	108247072	DEL	241
11	108347318	108347319	DEL	242
12	9733117	9733117	DEL	243
12	12477384	12477384	DEL	244
12	21015774	21015774	DEL	245
12	21089985	21089986	DEL	246
12	21765747	21765749	DEL	247
12	25225627	25225628	DEL	248
12	25225713	25225713	DEL	249
12	25227341	25227345	DEL	250
12	25245346	25245351	DEL	251
12	45836858	45836858	DEL	252
12	47236090	47236091	DEL	253
12	49330530	49330530	DEL	254
12	51991931	51991931	DEL	255
12	53504773	53504773	DEL	256
12	53504775	53504775	DEL	257
12	56083847	56083847	DEL	258
12	56085070	56085070	DEL	259
12	56088557	56088558	DEL	260
12	57173176	57173177	DEL	261
12	57751647	57751648	DEL	262
12	57751653	57751654	DEL	263
12	107651690	107651690	DEL	264
12	112450394	112450395	DEL	265
12	112450406	112450407	DEL	266
12	112489084	112489085	DEL	267
12	112489104	112489106	DEL	268
12	120738874	120738875	DEL	269
12	132673703	132673703	DEL	270
12	132676598	132676599	DEL	271
13	19482546	19482546	DEL	272
13	28018503	28018505	DEL	273
13	73075767	73075767	DEL	274
13	110719678	110719678	DEL	275
14	22766690	22766690	DEL	276
14	37592256	37592256	DEL	277
14	37592258	37592258	DEL	278
14	38255444	38255446	DEL	279
14	46651270	46651270	DEL	280
14	51689885	51689887	DEL	281
14	62987180	62987180	DEL	282
14	65078029	65078029	DEL	283
14	65093796	65093796	DEL	284
14	95091292	95091293	DEL	285
14	104780214	104780214	DEL	286
14	105352431	105352431	DEL	287
15	40382906	40382906	DEL	288
15	43371376	43371377	DEL	289
15	44711547	44711549	DEL	290
15	66435103	66435103	DEL	291
15	66435105	66435105	DEL	292
15	66435116	66435117	DEL	293
15	66436824	66436826	DEL	294
15	71898603	71898605	DEL	295
15	72580741	72580741	DEL	296
15	84643661	84643661	DEL	297
15	90088605	90088607	DEL	298
15	90088702	90088703	DEL	299
15	90221463	90221464	DEL	300
15	99671556	99671556	DEL	301
16	3738616	3738617	DEL	302
16	28156350	28156351	DEL	303
16	28496124	28496124	DEL	304
16	31120344	31120345	DEL	305
16	50323665	50323665	DEL	306
16	56748287	56748288	DEL	307
16	56748290	56748290	DEL	308
16	58115435	58115436	DEL	309
16	68021877	68021878	DEL	310
16	68738315	68738315	DEL	311
17	4593172	4593172	DEL	312
17	7038280	7038280	DEL	313
17	7673533	7673534	DEL	314
17	7673743	7673744	DEL	315
17	7673751	7673752	DEL	316
17	7673763	7673764	DEL	317
17	7673774	7673782	DEL	318
17	7673787	7673788	DEL	319
17	7673795	7673797	DEL	320
17	7673799	7673800	DEL	321
17	7673802	7673803	DEL	322
17	7673805	7673806	DEL	323
17	7673810	7673812	DEL	324
17	7673823	7673824	DEL	325
17	7674199	7674200	DEL	326
17	7674216	7674221	DEL	327
17	7674229	7674233	DEL	328
17	7674237	7674239	DEL	329
17	7674241	7674242	DEL	330
17	7674247	7674248	DEL	331
17	7674250	7674257	DEL	332
17	7674261	7674263	DEL	333
17	7674291	7674292	DEL	334
17	7674857	7674858	DEL	335
17	7674872	7674873	DEL	336
17	7674884	7674888	DEL	337
17	7674890	7674890	DEL	338
17	7674893	7674894	DEL	339
17	7674916	7674918	DEL	340
17	7674944	7674948	DEL	341
17	7674950	7674951	DEL	342
17	7674953	7674954	DEL	343
17	7675051	7675052	DEL	344
17	7675075	7675077	DEL	345
17	7675084	7675086	DEL	346
17	7675088	7675089	DEL	347
17	7675094	7675095	DEL	348
17	7675123	7675125	DEL	349
17	7675160	7675161	DEL	350
17	7675180	7675182	DEL	351
17	7675189	7675191	DEL	352
17	7675206	7675209	DEL	353
17	7675216	7675218	DEL	354
17	7675237	7675238	DEL	355
17	7675992	7675996	DEL	356
17	7676037	7676037	DEL	357
17	7676273	7676274	DEL	358
17	11763546	11763546	DEL	359
17	11763548	11763548	DEL	360
17	19381805	19381805	DEL	361
17	29110586	29110587	DEL	362
17	39711955	39711955	DEL	363
17	39723405	39723405	DEL	364
17	39723966	39723967	DEL	365
17	39724008	39724008	DEL	366
17	39724747	39724747	DEL	367
17	39725079	39725079	DEL	368
17	40083848	40083848	DEL	369
17	40354350	40354351	DEL	370
17	42329558	42329558	DEL	371
17	48543134	48543134	DEL	372
17	49619062	49619064	DEL	373
17	49619068	49619070	DEL	374
17	49619280	49619282	DEL	375
17	49619326	49619327	DEL	376
17	61401863	61401863	DEL	377
17	62737145	62737147	DEL	378
17	75891185	75891186	DEL	379
17	78997231	78997231	DEL	380
17	81683810	81683810	DEL	381
18	5892008	5892009	DEL	382
18	6882153	6882153	DEL	383
18	33957487	33957487	DEL	384
18	47841840	47841840	DEL	385
18	51065518	51065519	DEL	386
18	51065548	51065549	DEL	387
18	51067035	51067036	DEL	388
18	51078417	51078419	DEL	389
18	76442288	76442288	DEL	390
19	971952	971952	DEL	391
19	3118944	3118944	DEL	392
19	3449070	3449070	DEL	393
19	4048235	4048236	DEL	394
19	4117551	4117551	DEL	395
19	4117553	4117553	DEL	396
19	6177240	6177240	DEL	397
19	11033437	11033438	DEL	398
19	12763716	12763718	DEL	399
19	14136394	14136395	DEL	400
19	14516688	14516688	DEL	401
19	34219423	34219424	DEL	402
19	35546739	35546740	DEL	403
19	43195196	43195196	DEL	404
19	47032687	47032687	DEL	405
19	49665847	49665847	DEL	406
19	49665874	49665875	DEL	407
19	51891542	51891543	DEL	408
19	52212718	52212718	DEL	409
19	52212729	52212730	DEL	410
19	54906576	54906578	DEL	411
19	58499497	58499498	DEL	412
20	20052442	20052443	DEL	413
20	23047843	23047843	DEL	414
20	32434636	32434639	DEL	415
20	32434909	32434909	DEL	416
20	35714222	35714223	DEL	417
20	41204170	41204170	DEL	418
20	58909365	58909366	DEL	419
21	28992888	28992888	DEL	420
21	29067680	29067680	DEL	421
21	43094667	43094667	DEL	422
21	43104346	43104346	DEL	423
21	43104376	43104377	DEL	424
22	21772875	21772875	DEL	425
22	24568143	24568144	DEL	426
22	25832989	25832991	DEL	427
22	41169525	41169525	DEL	428
22	41170471	41170472	DEL	429
22	42212862	42212863	DEL	430
22	50220783	50220783	DEL	431
X	3323309	3323309	DEL	432
X	19351309	19351309	DEL	433
X	45063557	45063557	DEL	434
X	47566721	47566723	DEL	435
X	71129407	71129408	DEL	436
X	80442744	80442744	DEL	437
X	93671799	93671800	DEL	438
X	141908542	141908542	DEL	439
X	151664291	151664291	DEL	440
X	153594546	153594546	DEL	441
